0
272
0
256
0
240
0
224
0
208
0
192
0
176
0
160
0
144
0
128
0
112
0
96
0
80
0
64
0
48
0
32
0
16
0
0
16
0
32
0
48
0
64
0
80
0
96
0
112
0
128
0
144
0
160
0
176
0
192
0
208
0
224
0
240
0
256
0
272
0
288
0
304
0
320
0
336
0
352
0
368
0
384
0
384
16
384
32
384
48
384
64
384
80
384
96
384
112
384
128
384
144
384
160
384
176
384
192
384
208
384
224
384
240
384
256
384
272
368
272
352
272
336
272
320
272
304
272
288
272
272
272
256
272
240
272
224
272
208
272
192
272
176
272
160
272
144
272
112
272
128
272
96
272
80
272
64
272
48
272
32
272
16
272
352
240
352
208
336
208
320
208
320
224
320
240
288
224
288
256
272
256
256
256
256
240
256
224
288
192
272
192
256
192
288
176
288
160
320
144
320
160
320
176
336
176
352
176
352
144
352
112
352
128
352
80
352
64
352
48
352
16
320
32
304
32
288
32
288
16
288
48
320
64
288
80
288
96
288
112
304
112
320
112
320
80
288
128
256
160
256
144
256
128
240
144
256
96
224
112
224
96
224
80
224
64
224
48
240
64
256
64
256
48
208
64
192
64
192
80
192
96
192
128
192
144
208
144
224
16
240
16
208
16
192
16
192
32
192
160
224
176
224
192
224
208
224
240
208
240
192
240
192
208
192
192
160
240
144
240
128
240
128
224
160
208
160
192
160
176
144
176
128
176
112
176
96
176
80
176
64
176
64
192
64
208
64
224
64
240
80
240
96
240
96
208
128
192
64
208
64
208
32
240
32
224
32
208
32
192
32
176
32
144
32
128
32
112
32
96
32
80
32
64
32
48
32
32
64
144
80
144
96
144
112
144
128
144
144
144
160
144
160
112
144
112
112
112
128
112
96
112
80
112
64
112
64
80
80
80
96
80
112
80
128
80
144
80
160
80
160
48
144
48
128
48
112
48
96
48
80
48
64
48
64
16
96
16
128
16
160
16
