0
0
16
0
32
0
48
0
64
0
80
0
96
0
112
0
128
0
144
0
160
0
176
0
192
0
208
0
224
0
240
0
256
0
272
0
288
0
304
0
320
0
336
0
352
0
368
0
384
0
384
16
384
32
384
48
384
64
384
80
384
96
384
112
384
128
384
144
384
160
384
176
384
192
384
208
384
224
384
240
384
256
384
272
368
272
352
272
336
272
320
272
304
272
288
272
272
272
256
272
240
272
224
272
208
272
192
272
176
272
160
272
144
272
128
272
112
272
96
272
80
272
64
272
48
272
32
272
16
272
0
272
0
256
0
240
0
224
0
208
0
192
0
176
0
160
0
144
0
128
0
112
0
96
0
80
0
64
0
48
0
32
0
16
352
240
352
224
352
208
352
192
352
176
352
144
352
160
352
112
352
96
352
80
352
64
352
48
352
32
336
32
320
32
304
32
288
32
272
32
256
32
240
32
224
32
208
32
176
32
160
32
144
32
128
32
112
32
96
32
80
32
64
32
48
32
32
32
32
48
32
64
32
80
32
96
32
112
32
144
32
160
32
176
32
192
32
208
32
224
32
240
48
240
64
240
80
240
96
240
112
240
128
240
144
240
160
240
176
240
208
240
224
240
240
240
256
240
272
240
288
240
304
240
320
240
320
240
336
240
320
240
320
208
320
192
320
176
320
160
320
144
304
208
288
208
272
208
256
208
240
208
224
208
208
208
176
208
160
208
144
208
128
208
112
208
96
208
80
208
64
208
64
192
64
176
64
160
64
144
64
112
64
96
64
80
64
64
80
64
96
64
112
64
128
64
144
64
160
64
176
64
208
64
224
64
240
64
256
64
272
64
288
64
304
64
320
64
320
80
320
96
320
112
288
128
272
128
256
128
240
128
224
128
208
128
192
128
192
112
192
96
176
128
160
128
144
128
128
128
112
128
96
128
192
144
192
160
192
176
288
176
288
160
256
176
256
160
224
176
224
160
160
176
160
160
128
176
128
160
96
176
96
160
96
96
112
96
144
96
160
96
224
96
240
96
272
96
288
96
160
144
224
144
224
112
160
112
288
144
288
112
96
112
96
128
96
128
96
144
