0
0
16
0
32
0
48
0
64
0
80
0
96
0
112
0
128
0
144
0
160
0
176
0
192
0
208
0
224
0
240
0
256
0
272
0
288
0
304
0
320
0
336
0
352
0
368
0
384
0
0
0
0
16
0
32
0
48
0
64
0
80
0
96
0
112
0
128
0
144
0
160
0
176
0
192
0
208
0
224
0
240
0
256
0
272
0
272
16
272
32
272
48
272
64
272
80
272
96
272
112
272
128
272
144
272
160
272
176
272
192
272
208
272
224
272
240
272
256
272
272
272
288
272
304
272
320
272
336
272
352
272
368
272
384
272
384
0
384
16
384
32
384
48
384
64
384
80
384
96
384
112
384
128
384
144
384
160
384
176
384
192
384
208
384
224
384
240
384
256
384
272
64
32
80
32
96
32
112
32
128
32
64
48
80
48
96
48
112
48
128
48
192
32
208
32
224
32
240
32
256
32
192
48
208
48
224
48
240
48
256
48
320
32
336
32
352
32
320
48
336
48
352
48
32
80
64
80
80
80
96
80
128
80
160
80
160
96
160
112
144
80
160
80
176
80
192
80
256
80
288
80
288
96
288
112
272
80
288
80
304
80
320
80
256
208
288
208
288
224
288
240
272
208
288
208
304
208
320
208
128
208
160
208
160
224
160
240
144
208
160
208
176
208
192
208
192
112
224
80
224
96
224
112
224
128
224
144
208
112
224
112
240
112
256
112
32
112
32
128
32
144
64
112
64
128
64
144
320
112
320
128
320
144
352
80
352
96
352
112
352
128
352
144
64
240
80
240
96
240
112
240
128
240
192
240
208
240
224
240
240
240
256
240
320
240
336
240
352
240
368
240
32
240
352
176
352
192
352
208
16
176
16
192
16
208
32
16
32
32
32
48
160
16
160
32
160
48
288
16
288
32
288
48
96
112
96
128
96
144
112
112
128
112
224
176
224
192
224
208
224
176
240
176
256
176
48
176
48
192
48
208
96
176
96
192
96
208
64
176
80
176
64
208
128
144
128
160
128
176
192
144
192
160
192
176
128
176
144
176
160
176
176
176
192
176
144
144
176
144
288
144
288
160
288
176
288
176
304
176
320
176
256
144
272
144
288
144

