16
272
16
0
32
272
32
0
48
272
48
0
64
272
64
0
80
272
80
0
96
272
96
0
112
272
112
0
128
272
128
0
144
272
144
0
160
272
160
0
176
272
176
0
192
272
192
0
208
272
208
0
224
272
224
0
240
272
240
0
256
272
256
0
272
272
272
0
288
272
288
0
304
272
304
0
320
272
320
0
336
272
336
0
352
272
352
0
368
272
368
0
384
16
0
16
384
32
0
32
384
48
0
48
384
64
0
64
384
80
0
80
384
96
0
96
384
112
0
112
384
128
0
128
384
144
0
144
384
160
0
160
384
176
0
176
384
192
0
192
384
208
0
208
384
224
0
224
384
240
0
240
384
256
0
256
128
160
